full: [{'loss': [0.36646477658947957, 0.27702760162055717, 0.25974049134537847, 0.25100409687390951, 0.24505596175448355, 0.24109485904723443, 0.23808620285849763, 0.23549207667363992, 0.23277535481466149, 0.23138137094562045], 'val_loss': [0.29118236553668975, 0.27052049326896666, 0.26225851464271543, 0.25308549761772153, 0.25922048258781433, 0.25033415663242342, 0.26251947426795957, 0.24483947241306306, 0.23901021838188172, 0.23907592630386351], 'val_acc': [0.88600000000000001, 0.88200000000000001, 0.89000000000000001, 0.89100000000000001, 0.88500000000000001, 0.89100000000000001, 0.88300000000000001, 0.89700000000000002, 0.90100000000000002, 0.90100000000000002], 'acc': [0.84537899773356839, 0.89058171746653358, 0.89706623016872322, 0.89933266179803573, 0.90386552508668072, 0.90430622009569372, 0.90650969532087866, 0.90751699823721987, 0.9080206497404204, 0.9083354318811383]}]

first_cut: {'val_loss': [0.32349709248542785, 0.26995754289627077, 0.26122321605682375, 0.25033602476119993, 0.26489308500289915, 0.25798516631126406, 0.25091488981246945, 0.25349792885780337, 0.29295590209960937, 0.24620011746883391], 'val_acc': [0.86399999999999999, 0.88900000000000001, 0.89600000000000002, 0.90200000000000002, 0.89100000000000001, 0.89500000000000002, 0.89300000000000002, 0.89800000000000002, 0.86899999999999999, 0.90400000000000003], 'acc': [0.85702593808088878, 0.89473684212027316, 0.89712918660287078, 0.90241752710128664, 0.90096952908587258, 0.90373961221838561, 0.90474691514973671, 0.90487282800302193, 0.90676152105746899, 0.90329891716434263], 'loss': [0.33158982229364875, 0.26983978600623293, 0.26028977389285801, 0.25191193892594937, 0.24999369912035246, 0.24612804352711803, 0.24417424610236885, 0.24114632442522277, 0.23865507450400358, 0.24098966080996528]}

second_cut: {'val_loss': [0.49998696136474607, 0.37629305553436282, 0.46249614357948304, 0.37420983386039736, 0.33578899097442627, 0.32623875951766967, 0.33973271751403811, 0.54681985503435138, 0.30802452135086061, 0.63251417276263233], 'val_acc': [0.79500000000000004, 0.83099999999999996, 0.77800000000000002, 0.82599999999999996, 0.84799999999999998, 0.85499999999999998, 0.84099999999999997, 0.748, 0.85899999999999999, 0.72499999999999998], 'acc': [0.77354570640121112, 0.8267438932408977, 0.83857970284563077, 0.84418282548476453, 0.84877864520755708, 0.85482246288572383, 0.85570385296378981, 0.86136993202206114, 0.86225132211513711, 0.86086628054888059], 'loss': [0.61201818733544355, 0.40994240031738299, 0.37287309694518311, 0.3587253970452623, 0.35606788611778289, 0.34563912103410871, 0.34466467815392926, 0.33721956922136787, 0.3311283680420623, 0.33319545063855993]}

third_cut: {'loss': [0.54575738316067401, 0.44160124754101165, 0.42736971978725757, 0.42426565502639141, 0.42141886527158245, 0.41688469702997544, 0.41511769934614368, 0.42232682708077635, 0.41117057370106841, 0.40910463375458034], 'val_loss': [0.50195405292510986, 0.44595918083190916, 0.48826989030838014, 0.51663105869293213, 0.43220335030555723, 0.43387570762634275, 0.45690466880798342, 0.48814501094818114, 0.48001123571395876, 0.50207584428787233], 'val_acc': [0.74399999999999999, 0.80100000000000005, 0.77400000000000002, 0.75, 0.79800000000000004, 0.80400000000000005, 0.78700000000000003, 0.77200000000000002, 0.77300000000000002, 0.754], 'acc': [0.73243515488783795, 0.79155124656741604, 0.79967262654243265, 0.80093175525540405, 0.80565348778645174, 0.8086753966555551, 0.80905313523042055, 0.80634600857708505, 0.81371191137235066, 0.81346008565077044]}

last_cut: {'loss': [0.64976845328557464, 0.55813042651012901, 0.5488790137075531, 0.54323209797786665, 0.53552932575348788, 0.53177346828391525, 0.52759462279776304, 0.52480906880012956, 0.52264716150297741, 0.52020355995281975], 'val_loss': [0.62733252143859863, 0.58320110797882085, 0.60987434959411624, 0.56265688180923457, 0.54876986503601077, 0.61545558357238772, 0.61803436565399172, 0.5650015745162964, 0.54298848772048947, 0.52127252435684202], 'val_acc': [0.627, 0.68000000000000005, 0.64300000000000002, 0.71099999999999997, 0.73199999999999998, 0.63500000000000001, 0.63900000000000001, 0.69999999999999996, 0.73499999999999999, 0.76400000000000001], 'acc': [0.65764291112052498, 0.70423067240473669, 0.71480735332651846, 0.71864769580952015, 0.72676907582956674, 0.72494333920926723, 0.73526819440946867, 0.73816419039526682, 0.73677914884402029, 0.73784940820951905]}

